10

5 6
0 1
1 2
1 4
2 3
3 2
4 0

8 13
0 1
1 2
2 0
1 3
3 2
3 4
2 4
5 3
4 5
6 4
5 6
7 5
6 7

8 13
0 1
1 2
2 0
3 2
3 0
4 3
3 4
5 0
4 5
7 4
5 6
6 5
7 6

5 6
1 0
0 2
2 1
3 2
4 3
2 4

12 17
0 1
1 2
1 3
1 4
4 1
2 5
5 2
4 6
4 5
5 7
6 7
8 6
6 9
7 10
9 8
11 9
10 11

10 14
1 0
0 2
0 3
4 1
3 4
2 5
2 6
7 2
4 7
8 5
9 6
7 9
8 7
9 8

5 6
0 1
1 2
2 3
3 4
4 2
4 0

12 20
0 1
1 2
1 3
1 4
2 5
3 4
3 6
4 1
4 5
4 6
5 2
5 7
6 7
6 9
7 6
8 6
9 8
9 10
10 11
11 9

8 14
0 1
1 2
1 4
1 5
2 3
2 6
3 2
3 7
4 0
4 5
5 6
6 5
7 6
7 3

7 9
0 1
2 1
3 2
4 3
4 2
5 4
1 5
5 6
6 0
