5
80
-1 -1 -1 -1 -1 -1 -1 -1 -1 -1 -1 -1 -1 -1 -1 -1 -1 -1 -1 -1 -1 -1 -1 -1 -1 -1 -1 -1 -1 -1 -1 -1 -1 -1 -1 -1 -1 -1 78 -1 -1 -1 -1 -1 -1 -1 -1 -1 -1 -1 -1 -1 -1 -1 -1 -1 -1 -1 -1 -1 -1 -1 -1 -1 -1 -1 -1 -1 -1 -1 -1 -1 -1 -1 -1 -1 -1 -1 -1 -1
150
-1 -1 -1 -1 -1 21 -1 -1 -1 7 13 -1 -1 -1 -1 -1 -1 3 -1 6 28 8 -1 -1 -1 -1 -1 0 -1 -1 -1 -1 -1 -1 -1 -1 12 -1 -1 -1 -1 -1 -1 -1 19 -1 5 -1 -1 23 16 -1 -1 -1 -1 -1 -1 -1 -1 -1 -1 -1 -1 -1 -1 -1 10 2 -1 -1 -1 -1 -1 -1 -1 -1 20 -1 -1 -1 -1 1 -1 14 -1 -1 -1 11 -1 -1 -1 18 9 -1 -1 -1 -1 -1 -1 -1 -1 -1 4 -1 -1 -1 15 -1 -1 -1 -1 -1 -1 -1 -1 17 -1 24 -1 -1 -1 13 -1 -1 -1 -1 26 -1 -1 -1 -1 -1 -1 -1 -1 -1 -1 25 -1 -1 -1 -1 -1 -1 -1 -1 30 27 -1 -1
4
-1 3 -1 -1
36
-1 -1 -1 -1 -1 -1 -1 -1 -1 -1 -1 -1 -1 -1 -1 -1 -1 -1 -1 35 -1 -1 13 -1 -1 -1 -1 -1 -1 -1 -1 15 -1 -1 -1 -1 
30
-1 -1 21 -1 7 -1 -1 -1 -1 -1 25 -1 -1 -1 -1 -1 3 -1 6 28 8 -1 -1 -1 -1 -1 0 -1 -1 -1 -1

