2
0 30
69 0
5
0 35 45 4 67
21 0 24 35 21
23 42 0 32 45
13 35 47 0 1
34 21 89 90 0
10
0 57 181 293 25 161 173 4 191 53
53 0 186 18 260 253 243 207 223 14
68 138 0 139 225 167 68 32 56 33
243 264 164 0 272 256 193 141 89 38
201 175 115 43 0 199 33 198 283 249
179 72 240 285 5 0 284 17 78 225
114 280 242 215 218 45 0 100 294 241
190 144 275 91 225 228 148 0 37 173
269 87 52 13 282 290 271 275 0 63
164 187 155 49 33 188 226 277 231 0
15
0 49 41 26 68 62 37 45 9 81 14 64 67 92 80
87 0 45 2 16 30 84 97 41 20 15 45 96 28 73
31 22 0 31 33 17 65 30 7 40 53 67 14 36 95
51 39 32 0 64 25 68 19 66 16 64 43 99 31 39
71 85 77 90 0 6 69 42 95 16 19 95 33 17 96
42 63 45 40 94 0 87 62 40 90 75 58 24 25 42
64 74 8 2 68 14 0 8 43 90 81 89 41 41 11
58 65 29 99 69 49 16 0 31 36 28 12 98 20 93
57 1 15 83 23 51 73 97 0 22 85 16 82 87 33
4 44 94 11 24 50 1 50 33 0 67 79 14 44 39
88 52 29 27 75 46 53 70 35 51 0 79 97 30 30
86 32 60 69 91 53 48 2 7 45 20 0 89 52 74
59 16 4 66 58 38 55 73 61 53 41 84 0 19 43
24 88 34 78 76 71 12 39 50 43 14 72 91 0 83
59 71 27 75 1 49 37 55 81 64 97 85 17 13 0
20
0 585 73 710 71 632 748 97 953 484 9 50 249 970 814 489 167 936 612 897
200 0 342 845 905 467 295 259 835 820 535 430 477 164 200 877 396 463 638 558
407 809 0 32 374 12 910 403 453 630 847 416 233 170 603 512 786 127 540 620
783 479 941 0 581 386 901 441 61 362 214 200 712 907 395 476 938 487 758 447
846 121 890 391 0 382 573 109 553 632 623 608 948 664 689 435 431 926 818 545
210 62 473 936 938 0 523 151 626 835 791 800 581 225 256 315 109 951 812 694
278 664 266 866 461 746 0 920 221 771 944 998 541 609 538 965 513 829 787 367
582 664 780 912 707 490 121 0 826 919 946 182 233 269 532 737 619 852 123 731
517 287 756 426 881 4 861 903 0 760 356 506 439 709 615 288 524 123 245 357
145 215 171 818 312 498 913 800 820 0 296 857 44 155 491 753 371 701 734 733
712 375 121 484 799 859 537 420 90 121 0 630 590 944 977 785 12 417 710 18
182 708 837 299 787 26 963 765 847 827 182 0 143 194 906 998 949 570 446 994
619 267 958 793 950 688 525 510 862 709 859 124 0 649 387 784 59 772 615 450
173 147 900 958 363 786 339 837 768 792 519 624 489 0 271 983 335 727 964 19
635 92 777 422 574 420 228 699 866 825 992 827 91 88 0 630 578 847 681 187
227 448 108 972 756 536 890 187 149 671 173 368 369 814 518 0 592 407 685 348
508 98 444 586 562 709 841 355 844 276 866 591 333 373 461 892 0 894 508 703
117 572 287 782 99 802 26 17 878 979 224 192 738 58 260 813 372 0 788 113
486 405 876 77 366 198 247 313 895 83 694 756 884 209 175 438 506 740 0 809
206 962 951 223 954 638 837 440 678 458 43 262 210 322 316 143 34 384 746 0
