5
5
0 1 0 1 1
1 0 1 1 0
1 0 0 0 1
1 1 1 0 1
1 1 1 1 0
15
0 1 1 1 1 1 1 1 1 1 1 1 1 1 1
1 0 1 0 1 1 0 0 1 1 1 1 0 0 0
0 0 0 0 1 0 1 0 0 0 0 1 1 0 1
0 0 0 0 1 0 0 1 0 1 0 0 1 1 1
0 0 1 1 0 0 0 0 0 0 1 1 1 0 1
0 1 0 0 1 0 1 1 1 0 0 1 1 1 1
0 0 1 1 0 0 0 1 0 0 0 1 1 1 1
0 0 1 1 0 1 1 0 0 1 0 0 0 1 1
0 1 0 1 1 0 0 0 0 1 1 0 0 1 1
1 0 0 0 1 0 1 0 0 0 0 1 0 0 1
1 0 0 1 1 0 0 0 0 1 0 1 1 1 1
1 0 1 1 0 0 0 1 1 0 0 0 1 1 1
0 1 1 0 1 1 0 1 0 1 1 0 0 1 1
1 0 1 0 1 1 1 1 1 1 0 0 0 0 1
0 1 1 0 1 1 0 1 1 0 0 1 1 0 0
20
0 1 1 1 1 1 1 1 1 1 1 1 1 1 1 1 1 1 1 1
1 0 1 1 1 1 1 1 1 1 1 1 1 1 1 1 1 1 1 1
1 1 0 1 1 1 1 1 1 1 1 1 1 1 1 1 1 1 1 1
1 1 1 0 1 1 1 1 1 1 1 1 1 1 1 1 1 1 1 1
1 1 1 1 0 1 1 1 1 1 1 1 1 1 1 1 1 1 1 1
1 1 1 1 1 0 1 1 1 1 1 1 1 1 1 1 1 1 1 1
1 1 1 1 1 1 0 1 1 1 1 1 1 1 1 1 1 1 1 1
1 1 1 1 1 1 1 0 1 1 1 1 1 1 1 1 1 1 1 1
1 1 1 1 1 1 1 1 0 1 1 1 1 1 1 1 1 1 1 1
1 1 1 1 1 1 1 1 1 0 1 1 1 1 1 1 1 1 1 1
1 1 1 1 1 1 1 1 1 1 0 1 1 1 1 1 1 1 1 1
1 1 1 1 1 1 1 1 1 1 1 0 1 1 1 1 1 1 1 1
1 1 1 1 1 1 1 1 1 1 1 1 0 1 1 1 1 1 1 1
1 1 1 1 1 1 1 1 1 1 1 1 1 0 1 1 1 1 1 1
1 1 1 1 1 1 1 1 1 1 1 1 1 1 0 1 1 1 1 1
1 1 1 1 1 1 1 1 1 1 1 1 1 1 1 0 1 1 1 1
1 1 1 1 1 1 1 1 1 1 1 1 1 1 1 1 0 1 1 1
1 1 1 1 1 1 1 1 1 1 1 1 1 1 1 1 1 0 1 1
1 1 1 1 1 1 1 1 1 1 1 1 1 1 1 1 1 1 0 1
1 1 1 1 1 1 1 1 1 1 1 1 1 1 1 1 1 1 1 0
50
1 1 1 1 1 1 1 0 1 0 0 0 1 0 0 1 0 0 0 0 0 1 0 1 1 0 1 1 0 1 0 0 1 0 0 1 0 0 0 1 0 0 1 1 1 0 1 0 1 0
0 1 1 1 0 1 0 0 1 0 0 1 1 0 1 1 1 1 0 1 1 0 0 0 0 1 1 0 0 0 0 0 0 1 0 0 1 0 0 1 1 1 0 0 0 1 0 1 0 0
0 0 0 1 0 0 1 1 0 0 1 1 1 0 1 1 0 0 0 0 0 0 1 1 1 0 0 1 0 1 1 0 0 1 1 0 0 0 0 0 1 1 0 0 1 0 1 0 1 0
1 0 0 0 0 1 1 1 1 0 0 0 0 0 1 1 0 0 0 1 1 1 0 0 1 1 1 1 0 1 1 1 1 1 0 0 0 0 0 1 0 0 1 0 0 1 0 0 0 0
1 0 1 0 1 0 0 0 0 0 0 1 1 0 0 1 0 1 0 0 0 1 0 1 1 0 1 0 1 0 1 0 1 0 0 0 1 0 0 1 1 0 1 1 0 0 0 1 1 0
0 0 1 1 1 1 0 1 1 1 0 1 0 0 0 1 1 1 0 0 1 0 1 0 1 1 0 0 1 0 0 0 0 0 0 1 1 0 0 1 0 0 1 1 1 0 0 0 1 1
0 1 1 1 0 0 0 0 0 0 0 0 1 0 1 0 1 1 1 1 0 0 0 1 0 1 0 0 1 0 0 0 0 0 1 1 1 0 1 0 1 1 0 0 1 0 1 0 1 0
1 0 0 0 0 1 0 1 0 1 0 1 1 1 1 1 0 1 1 1 0 1 0 1 0 1 1 1 1 0 0 1 1 0 0 1 0 0 0 0 0 0 1 0 1 0 0 0 1 1
0 1 1 0 1 0 1 1 1 0 0 1 1 1 1 1 0 1 1 0 1 0 0 0 0 0 0 1 1 1 1 0 1 1 0 1 1 1 1 1 0 1 1 1 1 1 1 1 1 1
1 1 1 1 0 0 0 0 0 0 0 0 1 1 0 1 0 0 0 1 0 0 1 0 0 1 1 0 0 0 0 0 0 0 0 1 0 1 0 0 0 0 1 1 0 0 1 1 0 0
0 0 0 0 0 0 0 1 1 0 1 0 0 0 1 1 1 1 0 0 0 0 0 0 0 1 0 1 1 1 0 1 1 1 0 1 1 0 1 0 0 0 1 1 1 1 1 0 0 1
1 1 1 0 1 1 1 1 0 1 0 0 0 1 0 0 1 0 0 1 1 1 1 1 0 0 0 0 1 0 0 1 1 0 0 0 0 0 0 1 0 0 0 0 1 0 1 0 1 0
0 1 0 1 0 0 0 1 0 0 1 0 1 1 1 1 1 1 0 1 1 0 0 0 0 1 0 1 0 1 0 1 1 0 1 1 1 1 1 0 1 0 1 1 0 0 0 1 0 1
0 1 0 1 0 0 1 0 0 0 0 1 1 0 0 1 1 1 1 1 0 1 0 0 1 0 1 1 0 0 1 0 1 0 0 1 1 0 1 0 1 1 0 0 1 0 1 1 1 0
0 0 0 1 1 1 1 0 0 0 1 1 1 0 1 0 1 1 1 1 1 1 1 0 1 0 0 1 0 0 0 1 0 0 1 0 1 0 1 0 1 1 0 0 0 0 0 0 1 0
1 0 1 0 1 1 1 1 1 0 1 0 0 1 0 0 0 0 0 1 0 0 0 0 0 0 0 1 0 1 1 0 0 1 0 0 1 1 1 0 1 0 1 1 0 1 1 0 0 0
0 0 1 0 0 1 1 0 1 1 1 0 0 1 0 1 0 1 1 0 0 0 0 0 0 0 0 0 0 0 1 1 1 1 1 0 1 1 1 1 0 0 1 0 1 0 0 1 0 0
1 1 1 0 1 1 0 0 1 1 1 0 1 0 1 1 1 1 1 0 0 0 0 1 0 0 1 0 1 0 0 1 0 0 1 1 0 1 0 1 1 1 1 1 1 0 1 1 1 0
1 0 1 1 1 1 1 1 1 1 1 0 1 0 0 1 0 0 0 1 1 1 1 1 0 0 0 0 0 0 0 1 1 1 0 1 0 1 0 1 0 1 0 0 0 0 0 1 1 1
0 1 0 0 0 0 0 0 1 1 0 1 1 1 0 0 0 1 0 1 1 1 1 0 1 1 0 1 1 0 0 0 1 1 1 0 1 0 0 1 1 1 0 0 0 0 1 1 1 1
1 0 0 0 0 0 1 1 0 0 0 1 1 0 1 1 0 1 0 0 1 0 0 1 1 1 0 0 0 1 0 1 0 1 0 1 1 0 0 0 0 1 1 1 1 1 1 0 0 0
1 0 0 0 1 1 0 1 0 0 0 1 1 1 1 1 0 0 0 0 0 1 0 0 1 1 1 0 0 1 1 0 1 1 0 1 0 0 0 0 0 1 0 1 1 1 0 1 1 1
1 0 1 0 0 1 1 0 0 0 0 1 1 1 0 1 0 1 0 0 1 1 1 1 1 1 0 1 1 1 1 1 0 0 0 1 0 1 0 0 1 1 1 1 1 1 1 0 1 1
1 0 1 1 1 1 1 1 0 1 0 0 1 0 0 0 0 1 0 1 0 0 1 0 1 1 0 1 1 0 0 1 1 1 0 1 0 1 1 1 0 1 0 1 1 0 1 0 1 0
0 0 1 1 0 0 0 1 1 1 0 0 0 1 0 0 0 0 0 0 0 0 0 1 0 1 1 1 1 1 1 1 1 1 0 1 1 0 1 1 0 1 0 1 1 1 0 1 1 1
1 0 1 0 1 1 0 1 0 0 1 1 0 1 0 0 0 0 1 1 1 1 0 0 1 1 0 1 1 1 0 1 1 1 1 1 0 0 1 0 1 1 0 0 0 0 0 0 0 0
0 0 0 1 0 1 1 1 0 0 0 1 1 1 0 1 1 1 0 0 1 0 0 1 1 1 1 1 1 0 0 1 1 1 1 1 1 0 0 0 0 1 0 1 0 0 1 1 0 0
0 1 0 1 0 0 0 1 1 1 0 0 1 0 0 0 0 0 0 0 0 1 0 0 0 1 1 1 1 0 0 1 1 1 1 1 1 0 0 0 1 1 1 0 0 1 0 0 1 0
0 0 1 0 1 1 0 0 1 0 0 1 1 0 0 1 1 0 0 1 1 1 0 1 0 0 1 0 1 1 1 0 0 0 0 1 1 1 0 0 0 1 1 0 1 1 1 0 0 1
0 1 1 0 0 1 0 1 1 0 0 0 0 0 1 0 1 0 0 0 0 1 1 1 0 1 0 1 1 1 0 1 1 0 0 1 0 1 0 0 0 1 0 0 0 1 1 1 0 1
0 0 0 1 0 1 0 1 0 1 1 0 1 1 1 1 0 0 1 0 0 1 1 1 1 1 0 1 0 1 0 0 1 1 1 1 1 0 0 1 0 1 1 1 1 1 1 1 0 1
0 0 0 0 0 1 0 1 0 1 0 1 1 0 0 0 1 1 1 0 0 0 1 0 1 1 1 1 0 0 0 0 0 0 1 0 0 0 0 1 1 0 0 0 0 0 0 1 1 1
1 1 1 0 0 1 1 1 0 1 1 1 0 1 0 0 0 1 1 0 1 1 0 0 1 1 0 0 1 1 0 0 1 0 1 0 0 1 1 0 0 1 0 0 1 1 0 1 0 1
1 1 0 1 1 1 0 0 0 1 1 0 1 1 0 1 1 0 1 1 0 1 0 1 1 1 0 0 1 0 0 0 1 0 1 0 0 0 0 1 0 1 0 0 1 0 1 1 1 1
1 1 0 0 1 0 1 0 0 1 0 1 0 1 0 1 0 1 0 1 1 0 1 1 0 1 1 0 0 0 0 0 0 0 0 1 0 0 1 1 0 1 1 0 1 0 0 0 1 0
1 1 0 0 0 0 0 0 1 0 0 0 1 1 0 1 1 0 1 1 1 1 1 1 1 0 1 0 0 1 1 0 0 0 0 1 0 1 1 1 0 0 1 0 1 1 1 1 1 1
1 1 1 0 0 0 0 0 0 0 1 0 0 1 1 0 0 1 1 0 0 1 1 0 1 1 0 1 0 1 1 0 1 1 0 0 1 0 1 0 0 0 0 0 0 0 0 1 0 1
1 0 1 0 0 1 0 1 1 1 1 1 1 0 0 0 0 0 0 1 0 0 1 1 1 1 0 0 0 0 0 1 1 0 1 1 0 0 0 1 0 1 1 1 0 0 0 0 1 0
0 1 1 1 1 0 1 0 0 0 0 1 1 1 1 1 1 0 0 1 0 0 0 1 1 0 0 1 1 1 1 0 1 0 0 0 0 0 1 0 1 0 0 1 0 0 0 0 0 1
0 0 1 1 0 1 1 0 1 1 1 0 1 0 1 1 1 0 1 0 0 1 0 1 0 0 0 0 0 0 0 1 0 1 0 1 0 0 1 0 0 0 0 0 0 1 0 0 1 0
0 1 0 0 1 0 0 0 1 1 1 0 0 0 1 0 1 0 0 1 1 1 1 0 0 0 0 1 1 0 1 1 1 0 1 1 0 1 0 0 1 0 1 1 1 1 0 0 0 1
1 1 0 0 0 1 1 0 0 1 0 0 1 0 1 0 1 1 1 1 1 1 1 0 1 1 0 0 0 1 0 1 1 1 1 1 0 0 0 1 0 1 0 0 0 0 1 1 0 1
1 0 0 1 1 0 0 0 0 0 1 0 0 0 0 1 0 1 1 0 0 1 1 0 0 0 0 0 0 0 1 1 0 1 1 1 0 0 1 0 0 0 1 1 1 1 0 1 0 0
1 1 0 1 0 1 1 1 1 1 0 0 1 1 0 0 0 0 1 1 1 0 0 0 1 0 0 0 1 1 1 1 1 0 0 0 1 1 0 0 0 1 1 1 0 1 1 0 0 1
1 1 0 0 0 0 0 0 0 0 0 1 0 0 0 1 0 0 1 0 1 0 1 0 1 0 0 0 0 1 1 1 1 0 1 0 1 1 1 1 0 1 0 1 0 1 0 0 1 1
1 1 0 0 0 0 1 1 0 0 0 1 1 1 1 1 1 1 0 1 0 0 1 1 0 0 1 1 0 1 0 0 1 1 1 0 0 1 0 0 1 0 0 1 0 1 1 0 1 0
0 0 0 1 0 1 0 1 0 0 0 0 1 0 1 0 0 1 1 1 1 0 1 1 1 1 0 1 0 0 0 0 1 0 0 0 0 1 1 1 0 0 1 0 0 1 0 0 1 1
1 0 1 1 0 1 1 0 1 1 1 0 0 1 0 1 1 1 1 0 0 1 1 1 1 0 1 1 0 0 1 0 0 1 1 0 1 0 0 0 1 0 1 0 1 0 1 0 0 1
0 0 1 0 0 0 0 0 1 1 0 0 1 0 0 0 1 0 0 0 1 0 1 1 0 0 0 1 1 1 0 0 0 1 1 1 0 1 0 1 0 0 0 1 1 1 0 0 0 0
1 0 1 1 1 1 1 0 0 1 0 0 0 1 1 0 1 0 0 1 0 1 0 0 0 0 1 1 1 0 1 0 0 0 1 1 0 0 0 0 1 0 1 1 0 0 1 0 1 0
100
0 1 0 1 1 1 1 0 0 0 1 1 1 1 1 0 0 1 1 1 1 0 1 1 1 1 0 0 0 0 1 1 1 1 1 0 0 0 0 0 0 0 1 0 1 0 1 1 0 1 0 1 1 1 1 1 0 1 0 1 0 0 0 1 0 0 1 1 1 1 1 0 1 0 1 1 1 0 0 1 1 1 0 1 0 1 1 1 1 0 1 1 0 0 0 0 0 1 0 1
0 1 0 1 1 0 1 0 1 0 0 1 1 0 1 0 0 1 0 1 0 1 0 0 1 0 1 0 1 1 0 0 1 0 1 1 1 1 1 1 0 0 1 0 0 0 1 0 0 0 0 1 1 0 0 0 1 1 0 1 0 0 0 0 0 0 1 1 0 1 1 1 0 0 1 1 1 1 0 0 0 0 1 0 0 1 0 1 1 0 1 1 1 1 1 0 0 1 1 0
0 1 1 1 0 1 0 1 0 1 1 0 0 0 1 0 1 1 0 1 1 0 1 0 1 0 0 1 1 0 1 0 0 0 0 1 0 1 0 1 1 0 1 1 0 1 0 1 0 1 0 1 0 0 0 0 1 0 0 1 1 0 1 0 1 0 1 0 1 0 1 1 1 1 1 1 0 0 0 1 0 1 0 1 0 1 1 0 0 1 1 0 1 0 0 1 1 0 0 1
0 1 0 0 0 0 0 0 1 0 1 1 1 0 0 0 1 0 1 1 1 1 0 1 1 0 1 0 1 0 1 0 1 0 1 1 1 0 1 0 1 1 1 1 0 1 0 0 1 1 0 0 0 0 1 1 1 1 1 1 0 0 1 0 0 0 1 1 0 0 0 1 0 1 0 1 0 1 1 0 1 1 1 1 1 1 1 0 0 1 0 0 1 1 1 1 1 0 0 0
1 0 0 1 0 1 1 0 1 1 1 0 1 0 1 1 1 1 0 1 1 1 0 1 0 1 0 0 1 1 0 1 1 1 0 1 0 1 1 0 0 0 1 0 1 0 0 0 1 0 0 1 0 1 0 1 0 1 1 0 0 1 1 0 1 1 0 0 0 1 1 0 0 1 1 1 0 0 1 1 1 1 1 1 1 0 1 1 1 1 0 1 1 0 1 1 0 0 0 1
0 0 0 1 0 0 0 0 1 1 1 1 1 1 0 0 0 0 0 0 0 1 0 1 1 0 0 0 0 1 0 1 1 1 0 0 1 0 0 0 0 0 1 1 1 1 1 0 1 1 0 0 1 0 1 1 1 0 0 1 1 0 1 0 0 0 0 0 1 1 1 1 1 0 1 1 1 1 0 0 0 0 1 1 0 1 1 1 0 1 0 1 1 1 1 1 1 1 0 0
1 0 0 1 1 0 1 0 1 1 0 0 0 0 1 1 0 1 1 1 1 0 1 1 0 0 0 1 0 1 1 0 1 0 0 0 0 1 1 1 1 1 0 1 0 1 0 1 0 0 1 0 0 0 1 1 1 1 1 1 1 1 0 0 0 0 1 0 1 0 0 0 1 0 0 1 1 0 1 0 1 1 1 1 0 1 1 0 0 0 0 0 0 0 1 1 0 1 0 1
1 1 0 1 1 0 1 1 1 1 1 0 0 0 1 1 1 0 0 0 0 0 0 1 1 0 1 0 1 1 1 0 0 1 0 1 1 1 1 0 0 0 1 1 0 0 1 1 1 1 0 1 1 0 0 0 0 1 0 1 0 0 1 0 1 0 0 0 1 0 0 1 0 0 0 0 1 1 0 1 1 1 1 0 1 1 0 0 0 1 1 1 1 0 1 1 0 0 1 0
0 0 1 0 1 1 0 1 0 0 1 0 1 0 1 1 0 1 1 1 1 1 1 1 1 1 1 1 1 0 1 1 1 1 1 1 1 1 1 1 1 0 1 1 0 0 0 1 0 1 1 1 1 1 0 1 0 0 1 0 0 0 1 1 0 1 1 0 0 0 1 0 0 0 0 1 0 1 0 0 1 1 1 0 1 0 1 0 1 0 1 1 1 1 1 0 0 1 1 1
1 1 1 0 1 1 0 0 1 1 0 1 1 0 1 1 0 1 1 1 0 0 0 0 0 0 1 1 0 0 0 0 1 1 1 0 0 0 1 1 0 1 0 1 1 0 0 1 0 0 0 1 1 0 0 0 0 1 1 1 0 1 1 0 1 1 1 0 1 1 0 0 0 1 1 0 0 0 0 0 1 1 0 1 0 1 0 0 1 0 0 0 1 0 1 1 0 1 1 1
0 0 0 0 0 0 1 0 1 0 0 0 0 0 1 1 0 0 0 0 1 0 0 1 1 1 0 0 1 0 1 0 0 0 1 1 1 1 1 0 0 0 1 1 1 0 0 1 1 0 1 1 0 0 1 1 0 1 0 1 1 1 1 1 0 1 1 1 0 0 1 1 1 0 0 0 0 0 1 0 1 0 0 1 1 0 1 1 1 0 1 1 1 1 0 0 1 0 1 0
1 1 1 0 0 0 1 1 1 0 1 1 1 0 1 1 1 1 0 1 1 1 1 1 0 0 0 1 0 0 1 0 0 0 0 0 1 0 0 1 0 0 1 0 0 0 1 0 0 0 1 1 1 0 1 1 1 0 1 1 0 0 1 0 1 0 0 0 0 0 1 1 0 0 1 1 1 1 0 1 1 1 1 0 1 0 0 1 1 1 0 1 0 0 0 1 1 0 1 1
1 1 0 1 0 1 0 1 1 0 1 0 0 0 1 0 1 1 1 1 0 1 1 0 1 1 1 1 1 0 1 0 0 0 1 1 1 1 1 0 0 0 0 1 0 1 0 1 0 0 1 0 1 1 0 0 0 0 1 0 0 0 0 0 0 0 0 1 1 0 1 1 1 1 0 0 1 1 0 1 0 0 0 1 1 1 0 1 0 1 0 0 0 1 1 1 1 1 0 0
0 1 1 1 0 0 0 0 1 1 1 0 0 0 1 0 0 0 0 1 0 1 0 1 0 1 0 0 0 0 1 0 1 1 0 1 1 0 1 1 1 1 1 0 0 0 0 1 1 0 0 1 1 1 1 1 0 1 0 0 1 0 1 0 0 0 0 1 0 1 1 1 0 0 0 0 1 0 0 1 1 0 0 0 0 0 1 0 1 0 1 1 0 0 0 1 1 0 1 1
0 0 0 1 1 0 0 1 1 0 0 1 1 1 1 0 0 1 0 0 1 1 1 0 0 1 1 0 0 0 1 1 1 0 1 1 0 0 1 1 0 0 1 1 0 1 0 1 1 1 1 1 1 1 0 1 1 0 1 1 1 0 1 1 0 0 1 1 0 1 1 1 0 0 0 0 1 1 1 1 1 0 0 1 0 0 1 1 1 0 1 0 0 1 1 1 0 0 1 0
0 1 1 1 1 1 0 0 0 1 1 1 0 1 0 0 1 1 0 0 1 1 0 0 0 0 1 1 1 0 0 1 1 0 1 1 1 1 0 1 0 1 0 1 0 1 1 0 1 1 1 1 0 0 1 1 0 0 0 0 1 1 1 1 0 0 0 1 1 0 1 1 1 1 0 0 0 1 0 0 1 1 1 0 1 0 0 0 0 1 1 0 0 1 0 0 1 0 1 0
0 0 0 1 1 0 0 0 0 0 0 1 1 1 1 0 0 1 1 0 0 1 0 1 0 0 0 0 1 1 0 0 1 1 1 1 0 1 1 1 1 1 0 1 1 0 1 0 1 1 0 0 0 1 0 0 1 1 0 1 1 0 0 1 0 0 0 1 1 0 1 0 0 0 0 0 0 1 1 0 1 1 1 1 0 1 0 1 0 1 1 1 0 0 1 1 0 1 1 0
0 0 1 0 0 1 1 1 1 0 0 1 0 0 1 0 1 0 0 1 0 0 1 1 1 1 0 1 0 0 0 1 0 0 0 0 1 0 1 1 0 1 1 0 0 0 0 1 0 0 1 0 0 1 0 1 0 1 0 0 0 0 1 1 1 0 0 1 0 1 0 1 1 1 0 0 1 0 1 0 0 0 1 1 1 0 1 1 1 0 0 0 1 1 0 0 0 0 1 1
1 0 1 1 0 1 1 1 1 0 0 0 1 0 0 1 0 0 1 1 1 1 0 0 0 0 1 1 1 1 1 1 1 1 0 0 1 1 1 1 1 0 0 0 0 1 0 0 0 0 0 1 0 0 0 0 0 1 1 1 1 1 1 0 0 1 0 0 0 1 1 0 0 1 1 0 0 0 0 0 0 0 1 1 0 1 1 1 1 1 1 1 0 0 1 1 0 1 1 0
0 0 0 1 0 1 1 0 1 0 0 1 1 1 1 1 1 1 1 0 0 0 1 1 1 1 0 0 1 1 1 0 0 1 0 0 0 1 0 1 1 1 0 0 1 1 0 0 1 0 0 1 0 0 0 1 0 1 1 1 1 0 0 1 0 0 0 1 0 0 0 0 1 1 1 0 0 1 1 1 0 0 1 1 1 1 1 1 0 0 1 0 0 0 1 0 0 0 0 0
1 0 0 0 0 1 0 0 1 0 1 1 0 1 0 0 1 1 1 1 0 0 0 1 0 1 1 0 1 0 0 0 0 1 1 0 1 1 0 1 1 1 1 1 1 1 0 0 0 0 1 1 0 0 1 0 0 0 0 1 1 0 1 0 0 0 0 0 1 1 0 0 0 1 0 0 1 0 1 0 0 0 0 1 1 1 1 1 0 0 1 1 0 1 1 0 1 1 1 1
0 0 0 1 0 1 1 0 0 1 1 1 1 0 0 0 1 1 1 1 1 0 1 0 0 1 1 0 1 1 0 0 0 0 1 1 1 0 1 1 0 1 0 0 0 1 1 0 0 0 1 0 0 1 1 1 0 1 1 0 0 1 0 1 1 0 1 0 1 0 1 1 1 0 0 0 1 0 1 1 1 1 0 1 0 0 1 0 1 1 0 1 0 1 1 1 0 0 1 1
0 0 1 1 0 1 1 1 0 0 0 0 0 0 0 0 0 0 1 0 0 0 1 0 0 1 0 1 1 0 1 1 0 0 1 0 0 0 0 0 0 0 0 0 0 1 0 0 0 0 0 1 0 1 1 1 1 0 0 0 1 1 0 0 0 1 0 1 0 0 0 1 1 1 1 0 0 1 0 0 1 1 0 1 0 0 1 0 1 1 0 1 1 1 0 1 1 0 0 0
0 1 0 1 0 1 1 0 0 0 1 1 0 0 1 0 0 1 1 0 0 0 1 0 0 0 0 1 1 1 1 1 1 1 1 1 0 0 0 0 1 1 1 0 0 1 1 1 0 0 0 1 1 0 0 0 1 1 1 0 1 1 1 1 1 0 1 1 1 1 0 0 0 0 0 1 1 1 1 0 1 1 1 0 1 1 1 0 0 1 0 1 1 1 0 1 0 0 1 0
1 1 0 1 1 0 1 1 0 1 1 1 0 1 0 1 1 1 0 1 0 1 0 1 1 0 1 0 1 1 0 1 1 0 0 1 1 1 0 1 1 0 0 0 0 0 0 0 1 0 1 1 1 1 0 1 0 1 0 1 0 0 0 1 1 0 0 0 0 1 0 1 1 1 0 1 1 0 0 1 0 1 0 0 1 1 0 0 0 1 1 1 1 1 1 0 1 0 0 1
0 0 0 0 1 1 1 1 1 1 0 0 1 1 1 0 0 0 0 0 0 0 1 1 1 0 0 0 1 0 1 1 1 0 1 0 1 0 0 0 1 1 0 0 1 0 1 1 1 1 0 0 1 1 0 1 1 1 1 1 1 0 1 1 0 1 0 1 0 1 1 1 1 1 0 0 1 0 1 1 0 0 1 1 0 1 0 0 0 1 1 1 1 1 0 1 0 1 0 0
1 0 1 1 1 0 1 0 1 1 0 0 1 0 0 1 1 0 0 1 0 0 0 1 1 1 1 0 0 0 0 0 0 0 1 1 1 1 1 1 1 0 1 1 1 0 1 0 0 1 0 0 1 1 0 1 0 1 1 0 1 1 1 0 0 0 0 0 0 0 1 1 0 1 0 1 0 1 1 1 1 0 1 0 0 1 1 1 1 1 1 1 0 1 0 0 1 1 1 0
0 0 0 0 0 0 0 1 0 1 1 1 0 0 0 0 0 0 1 0 0 0 1 1 0 1 0 1 1 0 0 1 0 0 0 0 1 0 0 0 1 0 0 0 1 1 1 0 1 0 1 1 0 0 0 0 0 1 1 1 0 1 0 1 0 0 1 0 1 0 1 0 0 1 0 0 0 1 0 0 0 1 0 1 0 0 1 0 0 1 1 1 0 0 1 1 0 0 1 1
1 0 0 1 0 0 0 1 1 0 0 1 1 1 1 0 0 0 0 0 0 1 1 0 0 1 1 1 1 1 0 1 1 0 1 0 0 1 1 1 1 0 0 0 0 1 0 0 0 1 1 0 0 0 1 0 0 0 0 1 0 0 1 1 0 1 0 1 1 1 1 1 1 0 0 1 0 0 0 0 0 1 0 0 1 0 1 1 0 0 1 1 1 1 1 0 1 1 0 1
1 0 0 0 0 0 1 1 0 0 0 1 1 0 1 0 0 0 0 1 1 1 0 0 0 1 1 0 1 1 0 0 1 0 1 0 0 0 1 0 0 0 1 0 0 1 1 1 0 0 1 0 1 1 1 1 0 0 1 0 1 0 0 0 1 0 0 1 0 1 1 1 1 0 1 0 1 0 1 0 0 1 1 0 1 1 1 0 1 1 0 0 0 0 1 0 1 0 0 1
1 1 0 1 0 1 0 1 0 1 0 0 1 0 0 0 1 1 0 0 1 0 0 0 0 1 0 0 1 0 1 0 1 1 1 1 1 1 0 1 1 1 0 1 0 1 0 0 0 1 0 1 1 1 1 0 0 0 1 0 0 1 1 1 0 1 0 0 1 1 1 1 0 1 0 0 1 0 1 1 1 0 0 0 0 1 0 1 0 0 1 0 1 1 1 0 0 0 1 1
0 1 0 0 1 0 1 1 0 0 0 0 0 1 0 1 0 1 1 0 0 0 0 0 0 1 0 1 0 1 1 1 1 1 0 0 1 1 0 0 1 0 1 0 1 1 1 0 1 1 1 0 0 0 1 0 0 1 0 1 1 0 0 1 0 1 1 0 1 1 1 1 1 1 0 1 1 1 1 0 1 0 1 1 0 1 0 0 0 0 0 0 1 0 0 0 0 0 1 0
1 1 0 0 1 0 1 0 0 0 1 0 1 0 0 1 0 1 0 1 0 0 0 1 0 0 1 1 0 0 1 0 0 1 1 1 0 0 0 1 1 1 0 1 1 1 0 1 0 1 0 1 0 1 0 1 1 1 0 0 0 1 0 0 0 1 1 1 0 0 1 1 0 1 0 0 0 0 1 1 1 0 0 0 1 0 0 0 0 0 1 1 1 0 0 1 1 1 0 1
1 1 0 0 1 0 0 0 0 1 0 1 1 1 0 0 1 0 0 1 0 1 1 1 1 1 0 1 1 1 0 1 1 1 1 1 0 1 1 1 1 0 1 1 1 1 0 0 0 1 0 0 0 1 1 1 0 1 1 1 1 0 0 1 0 1 1 1 0 1 0 1 1 1 0 1 1 1 1 1 1 1 1 0 0 1 1 1 0 1 1 1 0 0 0 1 0 0 0 1
1 1 1 0 0 0 1 0 0 1 0 0 0 1 1 1 0 1 0 1 0 0 1 0 0 1 1 1 1 0 0 1 0 0 0 0 0 1 1 1 0 0 0 1 0 1 1 1 0 1 1 0 1 1 0 0 0 0 0 1 1 1 1 1 0 0 1 1 0 0 1 1 1 0 1 1 1 0 0 1 0 1 0 0 0 1 0 1 1 0 1 1 0 0 0 0 0 0 1 0
1 1 1 1 0 0 0 0 0 1 1 1 1 0 0 0 0 0 1 0 1 0 1 0 0 1 0 0 1 1 1 0 1 0 1 0 0 0 1 0 0 0 1 1 1 1 1 1 0 1 0 1 0 1 0 1 1 1 1 0 1 0 1 0 0 0 1 1 1 1 1 0 1 1 1 0 0 0 0 0 1 1 1 1 1 1 0 1 1 0 1 0 1 0 1 0 0 1 1 0
1 0 1 0 0 1 0 0 1 1 1 1 1 0 1 0 0 1 1 0 1 1 0 1 1 1 1 0 0 0 0 1 1 0 1 1 0 0 0 1 0 0 1 0 1 0 1 0 0 0 0 1 1 1 1 0 0 1 1 1 0 1 0 0 1 1 1 1 1 0 1 1 0 1 0 1 1 1 1 1 1 1 0 0 1 1 1 0 1 1 0 0 0 0 0 1 0 0 1 1
0 0 1 0 1 1 1 0 0 1 1 0 1 0 0 0 1 0 0 1 1 0 0 0 1 1 0 1 0 0 0 1 0 0 1 0 0 0 1 0 1 0 1 0 1 0 0 1 0 0 1 0 0 1 1 0 0 0 1 1 1 1 1 0 0 1 0 1 0 0 1 1 0 0 0 0 1 1 0 1 1 0 0 0 1 1 0 0 0 0 1 1 1 1 0 1 0 0 1 1
0 0 1 1 0 1 0 1 1 1 1 0 0 1 0 0 0 1 0 0 1 0 1 0 1 0 0 1 1 0 1 1 0 0 1 0 0 1 0 0 1 1 0 0 0 1 1 0 0 0 0 1 0 0 1 1 0 1 0 0 0 1 1 1 0 1 1 0 0 1 0 0 0 1 1 0 0 0 1 1 1 1 1 1 1 0 0 1 0 0 0 1 1 1 1 0 0 1 1 0
1 1 0 1 0 1 0 1 1 0 1 0 0 0 0 1 1 0 0 1 0 0 1 0 0 0 0 0 0 1 1 1 0 1 1 0 1 0 1 1 1 0 1 0 1 1 0 0 0 1 1 1 0 1 1 0 0 0 1 0 1 1 0 0 0 1 0 0 0 0 0 1 0 0 1 1 1 0 1 0 1 0 1 0 0 1 0 0 1 0 1 1 0 1 1 0 1 0 0 1
1 1 1 0 0 0 1 0 1 1 0 1 0 0 1 0 0 0 0 1 0 1 1 0 0 0 0 1 0 1 1 1 1 0 0 1 1 1 0 1 0 1 1 1 0 0 1 0 1 0 0 0 1 0 0 1 0 1 0 1 1 0 0 1 0 1 1 0 0 1 0 1 1 1 1 1 0 0 1 0 0 0 0 0 1 0 0 1 0 1 1 1 1 0 0 1 1 1 0 1
1 1 1 1 0 0 1 0 0 1 1 0 0 1 1 0 0 1 1 1 0 1 0 0 0 1 1 1 0 0 0 0 0 1 1 0 1 1 0 1 1 0 0 1 0 0 1 1 0 1 1 1 1 1 0 0 1 0 0 0 0 1 1 0 1 1 0 1 1 0 0 0 1 1 0 1 1 1 1 0 1 0 0 1 0 0 1 0 1 0 0 1 1 0 0 0 0 1 0 0
0 0 0 1 0 0 1 0 1 0 0 0 1 0 0 0 1 0 0 1 0 0 1 1 0 0 1 1 1 0 1 1 0 1 1 0 0 0 0 1 1 0 0 1 1 1 1 1 1 0 1 1 0 0 1 1 0 1 1 0 0 1 1 0 1 0 0 0 0 1 0 1 1 1 0 1 0 1 1 0 0 1 0 0 0 1 1 1 0 0 1 0 0 0 1 0 0 1 0 1
0 0 0 1 0 0 0 1 1 0 0 0 0 1 0 1 1 0 0 0 0 0 0 0 0 1 0 1 0 1 1 0 1 0 0 0 1 1 1 1 1 0 1 1 1 1 1 0 0 1 1 1 0 1 0 1 1 0 0 1 0 0 0 1 1 1 0 1 0 1 0 0 1 0 1 1 0 0 0 1 1 1 1 1 1 0 1 1 0 1 1 0 0 1 0 1 0 1 1 1
0 0 1 1 1 1 0 0 1 0 0 1 1 1 0 1 0 1 1 0 1 1 1 1 0 0 1 0 0 0 1 0 0 1 0 1 0 0 0 0 0 1 1 0 1 0 0 0 0 1 1 0 0 0 1 0 0 1 0 1 1 0 1 1 1 1 0 0 0 0 1 1 0 0 0 0 0 1 1 0 0 1 0 0 0 1 0 1 0 0 0 0 0 1 1 1 0 1 0 1
0 0 0 0 0 1 1 0 0 0 0 1 1 1 1 1 0 1 1 0 1 0 0 1 0 1 0 0 0 1 1 0 0 1 0 1 1 0 1 1 0 0 1 0 0 0 0 1 0 0 0 0 0 0 1 1 0 1 0 1 0 1 0 0 0 0 1 1 0 0 0 1 1 1 0 0 1 0 1 1 1 1 1 0 0 1 0 1 1 1 1 1 1 1 1 0 1 1 0 1
1 0 1 1 0 0 0 0 1 1 0 1 0 1 0 1 1 0 0 1 1 0 0 0 1 0 0 0 1 0 1 1 1 0 1 0 1 0 1 1 1 1 1 1 1 0 0 0 1 0 0 0 1 1 0 0 0 0 1 1 0 0 0 1 1 1 0 0 1 0 0 0 0 1 0 0 1 0 1 0 1 0 1 0 0 0 0 0 1 0 0 1 0 1 1 1 1 0 0 1
1 0 0 1 0 0 1 0 0 0 0 0 0 1 1 0 1 0 0 1 1 0 1 1 0 1 1 0 1 1 1 1 0 1 0 1 0 1 1 0 0 0 1 0 1 0 1 0 0 0 0 1 0 1 0 1 0 1 0 0 1 1 1 0 1 1 1 1 1 1 1 1 1 1 0 1 0 1 0 1 1 1 1 0 1 1 1 0 0 1 0 0 0 1 0 1 1 1 1 1
1 1 0 0 0 0 1 0 0 0 1 0 1 1 0 0 0 1 0 0 0 1 1 1 0 1 0 1 1 1 0 0 1 1 0 0 1 0 0 0 0 0 0 1 1 1 0 0 0 1 1 0 1 0 0 1 1 0 0 0 1 0 1 0 0 0 0 0 0 1 0 1 0 0 1 1 1 0 0 0 1 1 0 1 1 0 1 1 0 0 0 0 1 0 1 1 1 0 1 0
1 1 0 1 0 1 0 0 1 1 1 1 0 0 1 0 1 0 0 0 1 0 0 1 0 1 0 1 1 1 0 1 1 0 1 1 0 0 0 1 1 0 0 1 1 1 0 0 0 0 0 0 0 0 1 0 0 1 0 1 0 0 1 1 0 0 1 1 0 1 1 1 1 0 0 1 1 1 1 0 1 0 1 1 0 1 0 1 0 0 0 0 0 1 0 1 1 0 0 1
1 1 1 1 0 0 1 1 1 0 0 1 0 1 0 0 1 1 0 0 0 0 0 1 0 1 0 1 1 1 0 1 0 0 0 1 1 0 1 0 0 0 1 1 1 1 1 0 1 0 1 1 1 0 1 1 0 0 1 1 1 0 1 0 1 0 1 0 1 1 0 0 1 0 0 1 1 1 0 0 0 1 1 1 0 0 0 0 1 0 0 1 1 1 0 1 1 0 0 1
0 1 1 1 0 1 1 0 1 0 1 1 1 0 0 1 0 1 1 0 0 0 1 0 1 0 0 1 0 1 0 1 1 1 1 1 1 0 0 0 0 1 0 1 0 0 0 0 0 0 1 1 1 1 0 0 1 0 0 1 0 0 0 0 0 1 0 1 0 1 0 0 1 1 1 0 0 0 0 0 0 0 1 1 1 1 1 1 0 0 1 1 1 1 1 1 0 1 0 0
0 0 0 0 1 1 0 1 1 1 0 1 0 1 0 1 0 0 1 0 0 1 0 1 0 0 1 0 1 0 1 1 1 1 1 1 0 1 0 1 0 0 1 1 1 1 1 0 1 0 1 0 0 1 1 0 1 1 1 0 1 0 0 0 0 0 1 0 1 1 1 0 0 0 1 0 0 1 1 1 0 0 0 1 1 1 0 0 1 1 0 0 0 0 1 1 1 1 1 0
0 0 0 1 0 0 1 1 1 1 1 0 1 0 1 0 1 0 0 1 0 0 1 1 0 1 0 0 1 1 1 0 0 1 1 1 0 1 0 1 1 1 0 0 0 1 0 0 0 0 0 1 0 0 0 0 1 1 0 1 0 0 0 0 0 1 1 1 1 0 1 0 1 0 0 0 0 0 0 0 1 1 1 1 1 1 1 1 0 0 0 0 0 1 1 0 0 1 1 0
1 0 0 0 1 1 1 0 1 1 0 0 1 1 0 1 1 1 1 1 0 1 1 1 0 0 1 0 0 0 0 0 0 0 1 1 1 0 0 1 1 1 0 0 1 1 0 0 0 0 1 1 1 1 0 0 0 1 1 1 0 1 1 0 1 1 0 1 0 1 0 0 0 1 0 1 0 0 0 1 1 0 0 0 0 1 0 0 1 0 0 1 1 0 1 1 0 0 1 0
0 0 0 1 0 0 1 1 1 1 0 0 0 0 0 1 0 1 1 1 0 1 0 0 1 0 1 0 1 1 1 1 0 1 1 0 1 0 0 0 0 1 1 1 1 1 1 0 0 0 0 1 0 0 0 0 0 1 0 0 1 1 0 1 0 0 1 1 1 0 0 0 0 0 0 1 1 0 1 1 1 1 0 1 1 1 1 1 0 1 0 0 1 1 1 0 1 0 0 1
1 1 0 0 1 0 1 0 1 0 0 1 0 1 1 0 1 0 0 0 1 0 1 1 0 0 1 0 0 1 1 1 1 0 0 0 1 0 1 1 1 0 0 0 1 1 0 0 0 1 0 1 1 0 0 1 0 0 1 1 0 0 0 0 1 0 0 1 0 1 1 0 0 0 0 0 1 1 0 1 0 1 0 1 0 1 0 0 0 0 1 0 0 1 1 0 1 1 0 0
1 0 0 1 0 1 1 0 1 0 0 1 0 0 1 0 0 1 0 1 1 1 1 0 1 1 0 0 0 1 0 1 1 0 1 0 1 1 1 0 1 0 0 0 0 0 0 0 0 1 0 1 0 0 1 0 1 0 0 1 0 1 1 0 1 0 0 0 1 1 1 0 0 0 1 0 0 0 0 0 0 0 0 1 1 0 0 0 1 0 0 1 0 0 1 1 0 1 0 0
0 1 0 0 0 1 0 0 1 0 1 1 0 1 1 0 0 0 0 1 0 1 0 0 1 0 0 0 0 0 0 0 0 1 1 0 1 1 0 0 0 0 1 1 1 0 0 1 0 0 0 1 0 1 1 0 1 0 1 1 1 0 1 1 0 0 1 0 0 0 1 1 0 0 0 1 0 1 0 0 1 1 0 1 1 1 0 1 1 1 0 0 1 0 0 1 1 1 1 1
1 1 1 0 1 0 0 1 1 0 1 1 1 1 0 1 1 0 1 0 0 0 1 1 0 0 1 0 1 1 1 1 1 1 0 0 0 1 1 1 1 0 0 1 0 0 0 0 1 1 0 1 1 1 1 0 0 0 1 0 1 1 1 1 1 0 0 1 1 0 0 1 1 0 1 0 1 1 0 0 1 0 1 1 1 0 1 1 1 0 0 1 0 0 0 1 0 1 0 0
1 0 1 0 0 1 1 0 0 0 0 0 0 1 1 1 1 1 0 0 0 1 1 1 1 1 0 1 1 0 0 1 1 1 0 0 0 1 1 1 0 1 0 0 0 0 1 1 1 1 1 1 1 0 0 0 1 0 0 0 1 0 1 0 0 0 1 0 0 0 0 0 0 1 0 0 0 0 0 1 1 1 0 0 1 0 0 1 1 0 1 0 0 0 1 0 1 1 0 0
1 1 0 1 1 0 0 0 0 1 0 1 0 0 1 1 0 1 1 0 0 0 1 0 0 1 1 1 1 0 0 0 0 0 0 1 0 0 1 1 1 1 0 0 1 0 1 1 0 1 1 1 0 1 1 1 0 0 0 0 0 1 1 1 1 1 1 1 1 0 1 1 0 0 1 1 1 0 0 0 1 1 1 1 0 0 0 1 1 0 0 1 1 1 1 1 0 0 0 1
0 0 0 0 0 0 1 0 0 0 0 1 1 0 1 1 1 0 0 1 0 1 1 0 1 1 1 1 0 1 0 1 1 0 0 1 1 1 1 0 0 0 0 1 0 1 1 0 1 0 0 1 1 1 0 1 0 0 1 1 0 1 1 0 1 0 1 0 1 1 0 0 1 1 1 0 1 1 1 1 1 0 1 1 1 1 1 1 1 1 1 0 1 0 0 1 1 0 1 1
1 1 1 0 0 0 1 1 1 1 1 1 0 1 1 1 1 1 0 0 1 1 1 0 1 0 1 1 0 1 0 0 0 1 1 0 1 0 0 1 1 1 1 1 1 1 0 1 1 0 0 1 0 0 1 0 1 1 1 1 1 1 0 0 1 0 1 1 0 1 0 0 1 0 0 0 0 1 1 0 1 0 1 1 1 0 1 1 0 1 1 0 0 0 0 1 1 1 1 0
0 0 1 1 0 1 0 0 1 0 1 1 0 1 1 1 0 0 0 0 0 1 0 0 1 1 0 0 0 0 1 1 1 1 0 1 0 0 1 0 1 0 1 1 0 0 0 1 0 0 1 1 0 1 0 0 1 1 1 1 1 0 0 1 0 0 0 0 1 0 0 1 0 0 0 0 0 1 0 1 1 0 0 0 1 0 0 0 1 1 0 1 0 1 1 0 0 0 1 1
1 1 1 0 1 1 0 1 1 1 1 1 0 0 0 0 0 1 0 0 0 0 1 1 0 1 0 0 0 0 1 0 1 1 1 0 0 1 1 1 0 0 1 1 1 1 1 1 1 1 1 0 0 0 1 1 0 1 1 0 0 0 1 0 1 1 1 0 1 1 1 0 0 1 0 1 1 1 0 1 0 0 0 1 1 1 0 0 0 1 1 1 1 0 0 1 1 1 1 1
0 0 1 0 0 0 0 0 1 1 0 1 1 1 0 0 1 0 1 0 0 0 1 1 0 1 0 0 1 0 1 1 0 1 0 0 0 1 0 0 1 0 0 0 0 0 1 1 0 0 0 1 0 0 1 1 1 0 1 0 1 1 1 1 1 0 0 1 1 1 1 1 1 0 0 1 0 1 0 0 0 0 1 0 1 1 1 0 0 1 0 0 0 1 0 0 0 1 1 0
1 0 0 0 0 1 0 1 0 0 0 1 1 0 1 0 1 1 1 0 1 1 0 0 0 0 0 0 1 0 0 0 1 0 1 1 1 1 0 0 0 1 1 0 1 1 1 0 0 0 1 0 1 0 1 1 1 1 1 0 1 0 0 0 1 1 0 1 1 0 0 1 1 1 1 1 1 1 0 1 0 1 0 1 1 0 0 0 1 1 1 1 1 0 0 1 1 0 0 1
0 1 0 0 0 1 1 0 1 1 1 0 0 0 1 1 0 0 1 1 1 0 1 0 1 1 1 1 1 0 1 1 0 1 1 1 1 1 0 0 1 0 0 1 1 0 0 0 1 0 1 0 0 0 1 1 1 1 1 0 0 1 1 0 0 1 1 1 0 0 0 0 0 0 0 1 0 0 1 0 0 1 1 1 0 0 1 0 0 1 1 1 0 1 0 1 1 0 0 1
1 1 1 0 0 0 1 0 1 0 1 1 0 0 1 0 0 0 0 1 0 0 0 1 1 0 0 1 1 0 1 0 1 0 1 0 0 1 0 1 0 0 1 0 1 0 0 0 0 0 1 0 0 0 1 0 1 1 1 0 1 0 0 1 0 0 1 1 1 1 0 0 0 0 0 0 1 0 0 0 1 1 1 1 1 1 0 1 1 1 1 0 1 0 0 0 1 1 0 0
1 1 0 1 1 0 0 0 0 0 1 0 0 1 0 0 0 0 0 1 0 0 0 0 1 0 1 1 0 1 1 0 0 0 1 0 1 1 0 0 1 0 1 0 0 1 1 1 1 0 0 0 0 0 1 0 0 0 1 0 0 1 1 0 0 0 1 0 0 1 1 0 1 0 0 1 0 0 0 1 0 0 0 1 1 0 1 1 0 1 0 0 0 1 1 1 0 1 0 0
1 0 0 0 0 0 0 0 1 0 0 0 1 0 0 0 1 0 0 0 0 1 0 0 1 0 1 1 0 0 0 1 1 0 0 0 1 0 0 0 1 1 0 0 1 1 1 0 1 1 0 0 0 0 1 0 0 0 0 0 0 1 1 1 0 0 1 1 1 1 0 1 1 1 1 0 0 0 1 0 1 0 0 1 0 1 0 0 0 0 0 1 1 0 1 1 0 0 1 1
1 0 1 0 1 1 1 1 1 1 0 0 1 1 0 1 1 0 1 1 1 0 0 1 1 1 1 1 1 0 0 1 0 0 0 0 1 0 1 1 0 1 0 1 1 1 1 0 1 1 0 1 0 0 0 0 1 1 0 1 1 1 0 0 1 0 0 1 0 1 1 1 1 0 0 0 0 0 1 0 1 1 0 0 1 1 1 1 1 1 0 1 1 1 0 0 1 1 1 1
0 0 0 1 0 1 1 0 1 0 0 0 0 1 1 1 1 0 1 0 1 0 1 0 0 1 1 0 1 0 0 1 0 0 1 1 0 1 0 0 1 1 1 0 1 0 1 1 1 1 0 1 0 1 1 0 1 1 0 1 1 0 0 1 0 0 1 1 1 1 0 0 1 1 1 1 0 1 0 0 0 1 1 0 0 0 0 1 0 1 0 1 1 0 1 0 0 0 1 0
1 1 0 1 1 1 0 1 1 0 0 0 0 0 0 1 0 1 1 1 0 0 1 1 1 1 0 0 1 1 0 0 0 0 1 0 1 0 1 1 1 1 1 0 1 0 0 1 1 1 1 0 0 1 1 1 1 0 0 1 1 1 0 1 1 0 1 1 0 1 1 1 0 1 0 0 1 1 1 1 0 1 1 0 0 0 0 0 0 0 0 1 1 1 0 1 1 1 0 1
0 1 0 1 0 1 0 1 1 1 1 1 1 1 1 1 0 0 1 1 1 1 0 0 0 0 0 0 1 1 1 1 1 1 1 1 1 0 1 0 1 1 1 1 0 1 1 0 1 0 1 1 1 1 0 0 1 0 0 0 1 0 1 0 1 0 1 1 0 0 0 0 0 1 0 1 1 0 1 1 0 0 1 0 1 0 1 0 0 1 0 0 1 1 0 0 1 0 0 1
0 0 0 0 0 0 1 0 1 1 0 1 0 0 1 0 0 1 1 0 0 1 0 0 1 1 1 0 0 0 1 1 1 1 1 1 1 0 1 1 0 1 0 1 0 1 0 1 0 0 1 0 0 0 0 1 1 1 0 0 0 0 0 0 1 1 1 0 1 1 0 1 0 1 1 1 1 1 0 0 1 1 0 1 0 0 1 0 0 1 1 0 1 1 0 0 0 1 1 1
1 0 1 1 1 1 0 0 1 0 1 0 0 0 0 1 1 1 1 1 1 1 1 1 1 1 0 0 0 0 0 1 1 1 1 1 0 1 1 0 1 0 0 0 1 1 1 1 0 0 1 0 0 0 1 1 1 1 1 0 1 0 0 1 0 0 1 1 0 1 0 1 0 0 0 1 0 0 1 0 1 0 1 0 1 0 1 0 1 0 0 1 1 0 0 1 0 1 1 1
1 0 1 1 0 1 1 1 0 0 0 0 0 1 1 0 0 1 0 1 0 0 1 1 1 1 1 1 1 0 1 1 1 1 1 1 0 0 1 0 1 1 1 1 0 1 0 0 0 1 0 1 0 1 0 0 1 0 1 0 1 0 0 0 0 0 0 1 1 0 1 0 0 1 1 1 0 0 0 0 0 1 0 1 0 1 1 1 0 1 1 1 1 1 0 0 1 1 1 0
0 1 0 1 0 1 1 1 0 1 0 1 1 1 1 0 1 1 1 0 0 1 1 1 1 0 1 0 0 1 0 1 0 1 1 0 1 0 1 1 0 0 0 0 0 1 0 1 0 1 1 0 1 0 1 0 0 1 0 0 1 0 0 0 0 0 1 1 0 1 1 0 1 0 1 1 1 1 1 0 1 0 0 1 0 1 1 1 0 1 1 0 1 1 0 0 1 0 0 0
1 0 0 1 1 0 1 1 1 1 0 1 1 1 0 0 1 0 0 0 1 1 1 1 0 0 0 0 0 1 0 0 1 0 1 0 0 0 0 1 0 1 0 1 0 1 0 1 1 0 0 0 1 0 0 1 1 1 0 0 0 1 0 0 0 0 1 1 0 1 1 0 1 1 0 1 0 1 1 1 1 1 0 0 0 0 0 1 1 0 1 0 0 1 0 1 0 1 0 1
1 0 0 0 1 1 1 1 0 0 1 1 1 1 1 1 1 1 0 1 1 0 0 1 1 1 0 0 0 1 1 1 1 1 1 0 0 1 0 1 1 0 0 0 1 0 1 1 0 0 1 1 1 1 1 1 1 1 1 0 1 1 1 0 1 1 0 0 1 1 0 0 1 0 0 0 1 1 1 1 0 0 0 0 1 0 1 1 1 0 0 1 1 1 0 1 1 0 1 0
1 1 1 1 1 1 1 0 1 0 0 0 1 1 0 0 0 0 1 0 1 0 0 0 1 1 0 0 1 1 1 1 1 1 1 0 0 0 1 0 0 1 0 0 0 1 1 1 1 1 1 0 1 1 1 1 0 1 0 1 0 1 1 0 0 1 1 1 0 0 1 0 1 1 1 1 1 0 1 1 1 0 1 0 0 1 1 1 1 1 0 1 0 1 1 1 1 1 1 1
0 0 0 0 0 0 1 1 0 1 1 1 1 1 0 0 0 1 0 1 1 0 0 1 1 0 1 1 1 0 0 1 0 1 0 1 1 0 1 0 0 1 0 1 0 0 0 0 1 0 1 1 1 1 0 1 0 1 0 0 1 1 0 1 1 1 1 1 0 0 1 0 1 1 0 1 0 0 0 0 1 0 0 1 0 0 0 0 1 1 0 1 0 0 1 1 0 0 0 1
0 0 1 0 0 0 1 1 0 1 1 0 0 0 0 0 0 0 1 0 1 1 1 0 0 0 1 0 0 0 1 0 0 0 0 1 0 0 0 0 0 0 0 1 0 0 1 0 0 0 1 1 0 1 1 0 0 0 1 0 0 1 0 0 0 0 0 1 1 0 0 0 0 1 0 1 0 0 0 1 0 1 1 0 0 1 0 1 1 1 0 0 1 0 0 0 0 1 0 0
1 0 0 1 0 0 1 1 0 1 0 0 1 1 1 0 1 0 0 0 1 0 1 0 1 0 0 0 0 0 1 0 0 1 1 0 1 1 1 1 1 0 1 1 0 0 0 1 0 0 1 1 1 1 1 1 1 1 0 0 0 0 0 1 1 0 1 1 1 0 1 1 0 0 1 0 1 1 0 1 1 1 1 0 1 1 1 1 1 0 0 1 0 1 0 1 1 0 0 0
0 1 1 0 1 1 0 0 0 0 1 0 1 0 1 1 0 1 1 1 1 1 0 1 0 1 0 1 1 0 1 1 0 0 0 0 1 1 0 0 0 0 0 1 1 0 0 0 1 1 0 0 0 0 1 0 1 1 0 1 0 1 0 0 1 0 0 0 1 1 0 1 0 0 1 0 0 1 0 1 1 1 0 1 1 0 0 0 1 0 0 1 0 0 0 0 1 0 0 1
1 1 0 0 0 1 0 1 0 0 0 1 0 1 0 1 1 1 1 1 1 1 1 0 0 0 1 0 0 0 1 1 0 1 0 1 0 1 0 1 0 0 1 0 0 1 0 1 1 1 0 1 0 1 0 1 1 0 1 1 0 1 0 0 0 0 0 1 0 0 1 1 1 1 0 0 0 1 0 1 0 0 1 1 1 1 0 0 0 1 1 1 1 1 1 1 1 1 1 1
1 1 0 0 1 1 0 1 1 0 0 1 1 1 0 0 1 1 0 0 0 1 1 1 1 1 0 0 1 0 1 0 1 0 1 1 1 0 1 1 0 1 0 1 0 1 0 1 1 0 1 0 1 0 1 0 0 1 1 1 0 0 0 1 0 0 0 0 1 1 1 0 1 0 1 1 0 1 0 1 0 1 1 0 0 1 0 1 0 1 0 1 0 1 1 0 0 1 1 1
1 0 0 0 1 1 0 1 1 1 0 1 0 0 1 0 0 0 0 1 1 1 1 1 0 1 0 1 0 1 1 0 0 0 1 0 0 1 1 0 0 0 1 1 0 1 0 0 0 0 1 1 1 1 1 0 1 0 0 0 0 1 0 1 0 0 1 1 0 0 1 0 1 1 0 1 1 1 0 0 1 0 0 0 0 0 1 0 0 0 1 0 0 0 1 0 1 1 0 0
0 0 0 0 0 1 1 1 0 0 1 0 0 1 0 1 1 1 0 1 1 1 1 1 1 0 0 1 0 0 1 0 0 0 0 0 1 0 0 1 1 1 0 1 0 0 0 0 0 1 1 1 1 1 1 0 0 1 0 0 1 0 1 1 1 0 0 0 1 1 0 1 0 1 0 1 1 1 1 1 1 1 1 0 0 0 0 0 0 1 1 1 0 0 0 1 0 0 1 1
1 0 1 0 1 1 0 0 0 0 0 1 1 1 0 1 0 0 1 0 1 0 1 1 1 0 0 1 0 0 1 1 1 1 0 1 0 1 1 1 1 0 0 0 1 0 1 1 0 1 1 0 1 0 1 0 0 0 0 1 1 1 0 1 0 1 1 1 1 1 0 0 0 1 1 0 0 1 0 0 1 1 1 0 1 0 0 0 0 1 1 0 1 0 1 1 1 0 1 1
0 1 0 0 1 0 0 1 1 1 0 1 1 1 1 1 1 1 1 1 1 0 0 0 0 1 0 0 1 1 1 1 1 1 0 0 0 1 0 1 0 0 0 0 1 1 0 1 1 1 1 1 0 0 1 1 0 0 1 0 0 1 1 0 1 1 1 1 0 0 1 1 1 0 0 1 0 1 1 0 0 1 1 0 0 1 1 0 0 0 0 0 1 1 1 0 1 0 1 1
1 0 1 1 0 0 1 0 0 0 1 0 1 0 1 1 0 0 0 1 1 1 1 0 0 0 1 0 1 0 0 0 0 1 1 0 0 0 1 0 1 1 1 0 0 1 0 1 0 1 1 0 1 1 1 0 0 1 0 0 1 1 0 0 0 1 0 0 0 0 1 1 1 1 1 1 1 1 0 0 0 0 0 1 1 0 1 0 0 0 0 1 0 0 0 1 1 1 0 0
1 0 0 1 1 1 1 0 0 0 0 0 0 1 0 1 0 0 1 0 1 1 0 0 0 0 0 0 0 0 1 1 0 1 1 1 1 1 1 0 1 1 1 1 0 1 0 0 0 1 1 0 1 0 0 0 1 0 1 0 0 0 0 1 1 0 1 0 1 0 1 0 1 0 0 0 0 1 1 0 1 0 1 0 1 1 0 0 0 1 0 1 1 1 0 0 0 0 0 0
1 0 0 0 1 0 1 0 0 1 1 1 1 1 0 1 0 1 0 1 0 0 1 0 0 1 1 1 1 1 1 1 0 0 0 1 1 0 1 1 0 0 1 1 1 0 1 0 1 1 1 1 1 1 1 1 0 1 0 1 1 0 0 1 1 1 0 0 0 0 1 0 0 1 1 0 0 1 1 1 0 0 1 0 1 0 0 0 0 0 0 1 0 0 1 0 1 1 0 0
1 1 0 0 1 0 0 0 0 1 1 0 1 0 0 1 1 0 0 0 0 0 0 0 1 1 0 0 1 0 1 0 1 0 1 0 1 0 0 0 0 1 0 0 0 0 1 0 1 0 0 0 1 1 1 1 1 0 1 1 0 0 1 1 1 0 0 1 1 0 1 1 0 0 0 1 0 0 1 1 0 1 0 0 1 1 0 0 0 0 1 1 0 0 0 0 1 1 0 1
0 1 1 0 0 1 0 0 0 1 0 1 1 0 0 1 1 1 0 0 0 1 0 1 0 0 0 0 1 0 1 1 1 1 0 0 0 1 0 0 1 1 1 0 1 1 1 0 0 0 0 0 0 0 1 1 1 1 1 0 1 1 1 1 0 0 0 0 1 1 1 1 1 1 1 1 0 1 1 0 1 1 0 1 1 1 0 1 1 0 0 0 0 0 1 1 1 1 0 1
1 1 0 1 0 1 0 1 0 0 1 1 0 0 0 0 0 1 1 0 1 0 0 1 0 0 1 0 1 1 1 0 1 1 1 1 1 0 1 1 1 1 1 1 1 1 1 1 1 0 0 1 1 0 0 1 1 0 0 0 0 1 1 0 1 1 0 0 1 0 0 0 1 0 0 1 1 0 1 1 0 1 1 0 0 1 1 0 0 1 1 0 1 0 1 1 0 0 1 0
1 1 1 0 0 0 1 0 0 1 0 0 0 0 0 0 0 1 0 1 1 1 1 1 0 0 0 1 0 1 0 0 0 0 1 0 1 0 1 1 1 0 1 1 0 1 0 1 0 1 0 1 0 0 0 1 0 0 0 0 0 0 0 1 0 0 1 0 0 0 0 1 0 1 1 1 0 1 1 1 0 0 1 1 0 1 0 1 1 0 0 0 0 1 0 1 0 1 0 1
