5
2 2 2 2
2 2 
1 1
8 8
3 4
8 8 8 8
4 2 6 2 6 12 5 6 
-5 2 -1 -8 3 1 0 8 
5 4 7 3 7 -2 -2 -2 
6 3 6 3 -5 2 -1 -1 
3 6 3 1 5 -6 -7 2 
5 3 6 3 -2 5 1 5 
5 3 1 0 8 4 1 -5 
7 3 9 0 2 1 -5 8  
4 2 6 2 6 12 5 6 
-5 2 -1 -8 3 1 0 8 
5 4 7 3 7 -2 -2 -2 
6 3 6 3 -5 2 -1 -1 
3 6 3 1 5 -6 -7 2 
5 3 6 3 -2 5 1 5 
5 3 1 0 8 4 1 -5 
7 3 9 0 2 1 -5 8 
10 3 3 10
5 3 5 13 230 5 1 5 -2 1
3 6 -7 -45 90 12 -56 -22 1 10
5 45 32 -3 -14 -75 35 140 96 12
5 6 8
-56 35 1
54 -5 3
2 4 1
70 3 -3
7 8 23 
-5 0 -5
-2 78 80
12 60 -3
34 -70 12
20 19 19 5
1  -2  3  4  5  -6  7  8  -9  10  -11  12  13  14  -15  -16  -17  -18  19
20  -21  -22  23  -24  -25  26  -27  -28  29  30  -31  -32  33  -34  -35  36  -37  38
-39  -40  41  42  -43  -44  -45  -46  47  48  -49  -50  51  -52  -53  -54  -55  -56  -57
58  59  -60  -61  -62  63  64  65  -66  67  68  -69  70  71  72  -73  74  75  -76
-77  -78  -79  -80  -81  82  -83  -84  -85  86  87  -88  89  90  -91  -92  -93  94  -95
-96  97  92  99  100  -101  102  -103  -104  -105  -106  -107  108  -109  -110  111  112  -113  -114
115  -116  -117  118  -119  -120  121  -122  123  124  125  126  -127  -128  129  -130  131  -132  -133
-134  -135  -136  -137  -138  -139  -140  141  -142  143  -144  145  -146  147  -148  149  -150  151  -152
153  154  -155  156  157  -158  159  160  161  -162  -163  164  -165  166  167  -168  -169  -170  171
-172  173  -174  -175  176  -177  178  -179  180  181  -182  -183  184  -185  -186  -187  188  -186  190
1  -2  36  4  5  -6  7  8  -9  10  -11  120  13  14  -15  -16  -17  -18  19
20  -21  -22  23  -24  -25  26  -27  -286  29  30  -31  -32  33  -34  -35  36  -37  38
-39  -40  41  42  -436  -44  -45  -46  47  48  -49  -50  51  -52  -53  -54  -55  -56  -57
58  59  -6  -61  -62  63  64  65  -66  67  68  -69  70  78  72  -73  74  75  -76
-77  -78  -79  -80  -81  82  -83  -84  -85  86  89  -88  89  90  -91  -92  -93  94  -95
-96  97  92  99  100  -101  102  -103  -104  -105  -106  -107  108  -109  -110  111  112  -113  -11
115  -116  -117  118  -119  -120  121  -122  123  124  125  126  -127  -128  129  -130  131  -132  -13
-134  -135  -136  -137  -138  -13  -140  141  -142  143  -14  145  -146  147  -148  149  -150  151  -152
153  154  -155  156  15  -158  159  160  161  -162  -163  16  -165  166  167  -168  -169  -170  17
-172  173  -174  -175  176  -177  178  -179  180  18 -182  -183  184  -185  -186  -187  188  -186  19
-1  -2  -3  -4  -5
6  7  8  9  10
11 12 13 14 15
16 17 18 19 20
21 22 23 24 25
26 27 28 29 30
31 32 33 34 35
36 37 38 39 40
41 42 43 44 45
46 47 48 49 50
51 52 53 54 55
56 57 58 59 60
61 62 63 64 65
66 67 68 69 70
71 72 73 74 75
76 77 78 79 80
81 82 83 84 85
86 87 88 89 90
91 9 93 94 95
25 6 6 50
-31  18   9  45  -6  20
  7  33 -11  15  22 -37
 24 -29   3 -26 -42  11
 17 -13 -34  39 -44  38
 46 -15  34  29 -26 -10
-39  50  -7 -21 -48  32
 15 -25 -44 -23 -41 -17
-14 -10  35  14 -37  46
-31  26 -47  20  47 -22
 34  42  38 -46 -32 -43
-38 -43 -45  48 -28  26
  1 -50 -13  21 -35  -5
-44 -20 -50  29  40 -38
-34 -22 -26  23 -14  35
-25  28 -18 -14 -38  44
-35 -25 -43 -41 -46 -41
  9  -6  19  27  41 -10
 43 -25  12  22  37 -23
-4  45 -16 -24 -14  39
-36 -43  32 -23 -50 -40
-24 -48  43  35  14 -41
 16  21 -47 -10  41  32
 18 -50  -4 -23  5  46
 36  10  46  49 -35  -9
 -25  17 -41  10  37  22 -16  48  42 -29 -28 -34 -36 -38  25 -42 -32  16 -22 -44  44 -46 -26 -35  11  45 -17  26 -21  34  33 -38  40 -47  39 -24 -45  15  47  30  38 -37 -48  20 -49  20 -17 -38  39  22
-15  45 -42  23  33 -25  16  49  40 -26  43  15 -10  45  39 -13 -23 -29 -18  31 -14 -18 -27  47  17 -29 -10 -38  43 -16  16 -32  17  11  49 -25 -24 -13  27 -43 -38 -49  16 -14  40 -19 -30  10 -15 -34
 35 -42  14 -14 -24  50 -15  11 -26 -25 -42 -28 -22 -33 -22 -29  36  30  31  11 -48  18 -36 -47 -31  30  10 -11 -40 -39 -16 -29 -16  33  25 -19 -47  33 -41 -28 -21  28  48  10  45 -38 -23  32 -50 -38
 30  36 -36 -46 -45 -26 -33  38  50 -40 -39  20 -41  23  28 -47  17 -36  19 -10  42  15 -14 -47 -28 -43 -13 -45  36  28 -41 -2 -26 -15 -21  15 -29  28  17 -46 -12  22  50 -23 -47 -38  15 -30 -47  16
 -25  17 -41  11  37  2 -16  48  42 -29 -28 -34 -36 -38  25 -42 -32  16 -22 -44  44 -46 -26 -35  11  45 -17  26 -21  34  33 -38  40 -47  39 -24 -45  15  47  30  38 -37 -48  20 -49  20 -17 -38  39  22
-15  45 -42  23  33 -25  16  49  40 -26  43  15 -10  45  39 -13 -23 -29 -18  31 -14 -18 -27  47  17 -29 -10 -38  44 -16  16 -32  1  11  49 -25 -24 -13  27 -43 -38 -49  16 -14  40 -19 -30  10 -15 -3