5
5
1 2 100
2 1 19
3 3 27
4 1 25
5 1 15
20
1 2 202
2 11 107
3 4 254
4 15 251
5 7 102
6 13 258
7 19 283
8 6 231
9 15 167
10 1 275
11 6 241
12 15 279
13 9 210
14 8 264
15 18 224
16 11 281
17 19 147
18 17 242
19 2 283
20 11 175
50
1 11 281
2 12 138
3 13 252
4 3 128
5 7 281
6 20 298
7 2 256
8 13 170
9 12 272
10 12 276
11 1 288
12 7 287
13 20 257
14 8 129
15 18 147
16 4 163
17 15 225
18 14 294
19 7 260
20 8 237
21 2 110
22 10 165
23 19 241
24 9 205
25 7 102
26 5 290
27 4 128
28 19 162
29 3 278
30 10 109
31 3 190
32 18 100
33 16 240
34 10 203
35 11 174
36 17 173
37 6 179
38 1 160
39 11 276
40 15 122
41 7 191
42 13 265
43 4 130
44 19 133
45 3 197
46 9 263
47 19 171
48 7 171
49 11 143
50 13 117
100
1 9 250
2 14 300
3 8 109
4 14 112
5 16 254
6 19 170
7 3 107
8 3 240
9 14 143
10 4 272
11 19 151
12 14 218
13 18 258
14 11 172
15 17 101
16 6 144
17 14 229
18 20 291
19 3 272
20 9 176
21 7 254
22 1 292
23 5 141
24 9 185
25 6 124
26 4 299
27 3 220
28 7 174
29 19 269
30 11 218
31 11 129
32 19 135
33 4 147
34 18 264
35 15 261
36 12 103
37 2 200
38 3 164
39 5 166
40 19 289
41 8 109
42 7 234
43 6 194
44 11 152
45 18 219
46 9 217
47 7 182
48 7 210
49 9 270
50 20 275
51 9 187
52 2 129
53 19 239
54 2 127
55 3 233
56 9 230
57 16 259
58 1 193
59 13 280
60 6 229
61 9 203
62 7 271
63 9 268
64 12 181
65 1 218
66 7 211
67 11 218
68 4 281
69 6 263
70 13 129
71 7 101
72 18 140
73 18 150
74 14 161
75 13 102
76 5 167
77 18 152
78 10 185
79 18 289
80 7 298
81 16 170
82 2 106
83 9 286
84 17 275
85 13 250
86 16 191
87 9 262
88 17 241
89 8 169
90 19 145
91 19 174
92 17 270
93 9 243
94 10 299
95 10 214
96 1 211
97 3 167
98 14 169
99 15 230
100 13 211
1000
1 17 160
2 11 126
3 4 186
4 44 123
5 31 112
6 12 49
7 44 72
8 29 45
9 4 105
10 37 181
11 20 136
12 13 103
13 23 125
14 28 3
15 8 62
16 48 52
17 46 17
18 41 129
19 25 18
20 49 126
21 11 68
22 20 94
23 4 22
24 11 43
25 19 167
26 38 199
27 9 23
28 49 103
29 22 166
30 19 144
31 20 21
32 43 84
33 19 196
34 11 24
35 5 165
36 23 103
37 29 158
38 40 111
39 4 199
40 8 166
41 48 140
42 20 179
43 15 116
44 44 141
45 10 58
46 24 2
47 39 32
48 22 148
49 15 186
50 9 195
51 25 167
52 24 28
53 40 139
54 15 87
55 50 109
56 38 108
57 45 54
58 30 172
59 15 184
60 46 76
61 18 192
62 18 94
63 37 87
64 9 48
65 45 184
66 36 20
67 26 148
68 38 77
69 39 53
70 27 38
71 16 105
72 50 160
73 30 191
74 12 93
75 40 139
76 48 50
77 21 47
78 1 114
79 39 27
80 6 12
81 34 61
82 11 139
83 11 67
84 9 185
85 18 153
86 41 185
87 23 163
88 35 187
89 28 20
90 26 179
91 39 169
92 2 80
93 1 28
94 17 29
95 15 110
96 4 74
97 42 21
98 26 111
99 40 115
100 40 105
101 22 183
102 17 68
103 13 139
104 44 123
105 44 142
106 38 16
107 34 31
108 34 152
109 18 78
110 9 132
111 20 32
112 19 144
113 16 165
114 28 137
115 4 96
116 20 123
117 24 43
118 44 9
119 8 106
120 45 19
121 44 100
122 26 195
123 34 85
124 29 199
125 23 184
126 1 153
127 3 103
128 28 109
129 43 162
130 45 6
131 26 178
132 11 117
133 5 25
134 38 83
135 27 111
136 8 129
137 35 134
138 39 96
139 49 87
140 5 116
141 23 34
142 23 26
143 47 57
144 18 78
145 49 129
146 22 168
147 22 100
148 36 21
149 43 2
150 7 65
151 16 161
152 18 190
153 13 118
154 45 89
155 17 58
156 3 16
157 13 76
158 9 114
159 24 89
160 40 53
161 34 151
162 3 190
163 23 125
164 15 120
165 18 152
166 2 69
167 4 104
168 28 56
169 39 5
170 3 134
171 26 125
172 6 75
173 31 134
174 40 46
175 22 34
176 21 102
177 45 148
178 36 170
179 20 127
180 49 107
181 43 159
182 6 86
183 6 158
184 27 30
185 49 155
186 13 72
187 22 185
188 30 130
189 16 74
190 2 129
191 22 154
192 5 144
193 15 16
194 20 143
195 28 3
196 3 5
197 47 97
198 10 16
199 7 65
200 15 189
201 30 199
202 14 189
203 11 175
204 27 85
205 43 30
206 50 91
207 18 15
208 25 73
209 15 140
210 31 89
211 28 161
212 43 23
213 17 22
214 49 129
215 10 105
216 13 148
217 49 125
218 20 7
219 16 108
220 43 183
221 47 138
222 35 112
223 25 48
224 36 82
225 3 177
226 8 1
227 3 140
228 9 11
229 13 132
230 30 48
231 33 164
232 48 96
233 27 106
234 24 188
235 7 176
236 50 144
237 24 63
238 42 148
239 24 103
240 4 6
241 38 165
242 39 133
243 2 200
244 21 117
245 13 145
246 31 185
247 30 38
248 44 146
249 18 116
250 17 70
251 41 12
252 1 49
253 47 43
254 41 1
255 26 138
256 14 127
257 48 35
258 43 115
259 9 199
260 37 194
261 11 88
262 22 199
263 26 169
264 5 117
265 18 10
266 29 94
267 2 175
268 19 75
269 44 194
270 19 152
271 11 198
272 12 35
273 47 147
274 12 81
275 8 194
276 6 17
277 41 36
278 20 172
279 23 188
280 24 112
281 41 107
282 23 20
283 32 92
284 36 191
285 10 81
286 36 7
287 44 65
288 24 6
289 8 136
290 13 139
291 7 19
292 43 90
293 20 124
294 23 157
295 7 43
296 41 98
297 25 41
298 18 196
299 41 88
300 36 129
301 28 53
302 4 147
303 9 181
304 4 128
305 4 159
306 24 157
307 21 74
308 29 195
309 3 121
310 37 8
311 36 155
312 25 145
313 9 102
314 30 30
315 11 154
316 33 35
317 42 197
318 27 90
319 16 136
320 2 61
321 27 134
322 47 136
323 40 149
324 36 78
325 5 26
326 1 186
327 22 159
328 30 91
329 23 48
330 23 113
331 13 55
332 46 96
333 21 31
334 11 67
335 6 31
336 47 17
337 45 149
338 40 112
339 45 82
340 40 106
341 18 151
342 28 26
343 39 64
344 5 198
345 47 180
346 12 68
347 24 18
348 4 3
349 4 176
350 40 95
351 38 199
352 6 13
353 25 91
354 40 128
355 11 145
356 38 109
357 13 25
358 12 28
359 38 125
360 3 44
361 42 145
362 45 3
363 13 12
364 37 185
365 50 76
366 31 129
367 27 64
368 39 176
369 46 139
370 32 157
371 3 99
372 46 77
373 15 155
374 40 93
375 23 65
376 47 115
377 13 155
378 3 53
379 50 117
380 46 73
381 42 82
382 32 131
383 49 53
384 17 165
385 35 10
386 7 12
387 39 146
388 5 170
389 1 172
390 16 84
391 47 45
392 37 35
393 5 98
394 35 58
395 19 145
396 20 189
397 35 150
398 37 151
399 23 21
400 11 148
401 26 175
402 32 157
403 10 5
404 49 149
405 33 38
406 44 35
407 30 54
408 33 18
409 10 156
410 45 25
411 19 142
412 11 62
413 33 12
414 8 142
415 45 157
416 3 32
417 18 107
418 44 121
419 11 118
420 36 170
421 37 14
422 32 72
423 4 146
424 1 43
425 50 195
426 32 64
427 35 184
428 27 47
429 17 149
430 44 108
431 21 27
432 4 79
433 25 61
434 42 73
435 38 15
436 2 107
437 39 87
438 40 135
439 44 135
440 6 26
441 47 153
442 17 67
443 7 171
444 10 109
445 33 179
446 46 14
447 38 88
448 39 111
449 3 47
450 6 1
451 34 156
452 3 170
453 31 154
454 31 42
455 26 73
456 2 96
457 14 66
458 16 150
459 44 4
460 16 83
461 6 143
462 40 52
463 6 20
464 3 28
465 35 92
466 27 2
467 11 51
468 28 93
469 18 33
470 47 85
471 13 188
472 22 198
473 6 50
474 2 44
475 26 52
476 41 173
477 49 121
478 25 172
479 17 48
480 45 134
481 44 151
482 36 175
483 49 98
484 8 58
485 20 109
486 7 7
487 17 3
488 42 92
489 8 31
490 26 145
491 29 145
492 32 45
493 35 161
494 10 106
495 40 66
496 5 190
497 38 110
498 14 85
499 45 180
500 38 162
501 50 167
502 39 57
503 30 109
504 50 132
505 19 171
506 2 5
507 12 190
508 41 114
509 42 75
510 13 44
511 34 185
512 29 26
513 14 38
514 44 1
515 45 5
516 40 115
517 46 181
518 18 198
519 27 121
520 44 14
521 26 73
522 41 121
523 1 73
524 16 108
525 11 61
526 2 151
527 49 160
528 12 157
529 48 176
530 48 133
531 3 199
532 31 26
533 31 134
534 9 10
535 23 158
536 12 131
537 40 168
538 15 13
539 1 131
540 23 193
541 17 144
542 1 186
543 34 118
544 11 114
545 29 140
546 40 31
547 27 154
548 40 137
549 20 134
550 14 22
551 43 124
552 45 3
553 12 54
554 27 34
555 22 124
556 32 148
557 34 98
558 47 64
559 31 157
560 40 44
561 46 130
562 27 87
563 11 89
564 9 60
565 39 160
566 25 12
567 23 29
568 39 102
569 15 82
570 40 171
571 20 153
572 22 21
573 9 163
574 31 31
575 48 88
576 17 154
577 50 62
578 33 14
579 7 183
580 41 58
581 49 32
582 48 103
583 2 57
584 40 28
585 28 112
586 34 29
587 9 2
588 46 197
589 46 109
590 24 24
591 35 158
592 35 22
593 44 99
594 5 75
595 39 158
596 20 88
597 49 183
598 31 69
599 48 7
600 50 112
601 33 156
602 30 48
603 44 178
604 28 59
605 14 86
606 40 161
607 7 67
608 43 111
609 3 119
610 33 59
611 12 81
612 25 124
613 5 47
614 19 17
615 40 175
616 2 20
617 4 47
618 9 87
619 34 41
620 50 174
621 11 14
622 4 136
623 1 74
624 44 31
625 40 133
626 28 167
627 18 161
628 6 36
629 24 44
630 14 170
631 26 73
632 1 17
633 12 64
634 4 70
635 26 173
636 40 109
637 29 15
638 29 149
639 44 187
640 48 11
641 42 33
642 33 11
643 40 133
644 8 36
645 11 73
646 29 58
647 9 19
648 32 118
649 40 116
650 49 163
651 36 39
652 40 68
653 31 70
654 9 157
655 4 193
656 36 121
657 3 193
658 47 100
659 21 183
660 32 83
661 14 83
662 41 144
663 29 93
664 41 129
665 4 149
666 31 14
667 29 34
668 47 199
669 10 69
670 31 32
671 16 38
672 8 84
673 28 148
674 32 94
675 7 55
676 40 23
677 47 61
678 35 88
679 13 134
680 7 131
681 43 163
682 1 95
683 33 6
684 41 111
685 14 48
686 25 121
687 13 169
688 11 34
689 17 181
690 28 25
691 48 104
692 34 55
693 40 63
694 19 193
695 49 73
696 45 137
697 50 50
698 19 147
699 27 155
700 14 23
701 38 97
702 40 8
703 38 165
704 47 88
705 24 130
706 7 52
707 6 114
708 28 19
709 49 2
710 43 26
711 35 163
712 37 158
713 43 194
714 8 156
715 47 155
716 4 70
717 22 31
718 39 65
719 33 61
720 36 126
721 46 110
722 34 167
723 35 160
724 26 31
725 20 78
726 47 197
727 27 180
728 10 163
729 5 10
730 19 172
731 2 90
732 1 32
733 16 165
734 40 184
735 16 130
736 43 171
737 11 171
738 6 108
739 29 121
740 15 130
741 39 111
742 6 48
743 18 192
744 45 63
745 32 140
746 16 17
747 10 147
748 14 81
749 48 145
750 3 19
751 18 34
752 44 58
753 31 41
754 41 69
755 1 62
756 2 164
757 16 17
758 22 152
759 38 98
760 17 137
761 8 71
762 5 112
763 21 78
764 25 115
765 48 142
766 15 175
767 49 194
768 16 81
769 38 33
770 12 29
771 14 186
772 6 111
773 31 170
774 9 108
775 9 193
776 5 57
777 7 197
778 9 86
779 9 125
780 8 115
781 42 173
782 10 78
783 20 28
784 34 178
785 6 194
786 38 186
787 44 138
788 10 8
789 24 162
790 18 6
791 41 86
792 41 93
793 29 117
794 24 195
795 21 102
796 38 52
797 5 5
798 32 173
799 9 180
800 47 74
801 6 3
802 8 113
803 34 157
804 48 30
805 23 101
806 39 167
807 2 173
808 12 171
809 44 96
810 2 132
811 26 18
812 15 58
813 12 6
814 30 45
815 10 150
816 41 117
817 8 58
818 7 50
819 6 101
820 20 109
821 25 139
822 13 73
823 42 81
824 1 145
825 36 134
826 10 195
827 47 109
828 35 18
829 27 188
830 13 70
831 21 128
832 33 75
833 19 155
834 32 32
835 32 154
836 23 119
837 47 80
838 35 161
839 17 125
840 27 149
841 5 138
842 22 89
843 33 142
844 47 158
845 26 170
846 29 100
847 41 98
848 14 3
849 36 186
850 35 94
851 47 119
852 37 136
853 22 56
854 33 107
855 20 176
856 43 154
857 48 155
858 10 116
859 30 92
860 1 9
861 36 120
862 38 38
863 49 162
864 31 29
865 28 104
866 30 46
867 5 60
868 11 182
869 19 52
870 45 26
871 28 185
872 19 12
873 28 55
874 19 9
875 25 87
876 39 127
877 28 37
878 16 140
879 48 102
880 28 27
881 10 43
882 14 138
883 29 18
884 35 196
885 3 42
886 13 3
887 45 139
888 12 100
889 37 140
890 27 198
891 42 121
892 41 9
893 28 137
894 5 129
895 37 114
896 29 199
897 31 86
898 47 82
899 5 43
900 28 7
901 15 44
902 1 91
903 33 115
904 22 110
905 2 70
906 36 87
907 32 56
908 27 138
909 15 74
910 47 77
911 6 164
912 35 58
913 12 194
914 37 162
915 39 85
916 22 160
917 34 18
918 23 168
919 5 169
920 20 19
921 43 199
922 38 198
923 24 195
924 23 33
925 45 171
926 16 72
927 48 167
928 28 45
929 50 172
930 22 93
931 15 105
932 41 105
933 40 170
934 32 98
935 46 178
936 45 172
937 30 87
938 4 159
939 18 26
940 20 54
941 43 17
942 18 89
943 29 95
944 14 170
945 43 150
946 27 113
947 4 96
948 22 162
949 13 95
950 17 179
951 24 125
952 44 99
953 27 10
954 35 88
955 34 140
956 45 189
957 48 40
958 18 72
959 20 117
960 12 29
961 5 153
962 26 79
963 25 123
964 41 111
965 8 188
966 15 191
967 46 63
968 26 83
969 8 145
970 20 142
971 8 139
972 23 194
973 21 149
974 25 59
975 35 87
976 33 100
977 8 121
978 48 9
979 26 159
980 2 135
981 19 130
982 7 59
983 40 11
984 29 91
985 21 135
986 38 79
987 17 68
988 50 197
989 8 102
990 2 49
991 10 37
992 35 195
993 26 5
994 19 60
995 2 30
996 20 64
997 43 105
998 41 156
999 4 106
1000 41 157